[app/ui]
version = 9.3.1
modtime = 1728372003.872382600

[app/launcher]
version = 9.3.1
modtime = 1728372003.896938700
